photo0
1
2472.000     1576.000
2
2504.860     2239.190
3
3124.250     2207.0200
4
3095.000     1538.000
photo1
1
2025.000     1593.0000
2
2179.1700    2520.000
3
2920.880     2361.580
4
2775.000     1555.000
photo2
1
2323.000     1580.000
2
2375.5900    2411.2700
3
3158.150     2367.660
4
3085.280     1522.510
photo3
1
2890.00      1559.000
2
2854.800     2389.5600
3
3694.3800    2445.1800
4
3717.00      1495.00
photo4
1
2660.00      1576.00
2
2639.00      2305.00
3
3329.00      2335.00
4
3340.490     1519.560
photo5
1
2361.00      1551.00
2
2412.3600    2491.4600
3
3295.950     2457.640
4
3257.00      1487.00
photo6
1
2813.00      1551.00
2
2771.00      2347.00
3
3406.00      2488.00
4
3474.00      1474.00
photo8
1
2578.99      1546.92
2
2605.540     2400.400
3
3424.42      2406.51
4
3408.00      1495.64
photo10
1
2216.45      1556.51
2
2353.00      2492.00
3
2997.00      2332.00
4
2894.00      1525.00
photo12
1
2315.00      1568.00
2
2391.76      2332.43
3
3031.00      2245.00
4
2960.48      1529.74
photo13
1
2643.00      1555.00
2
2617.00      2347.00
3
3339.85      2410.04
4
3372.00      1491.00
